                              TaxID CT_CpG_5 GA_CpG_3 Status
1                            100272   0.0042   0.0014     NO
2                             10090   0.0531   0.0180     NO
3                           1010633   0.0741   0.0882    YES
4                            103855   0.0000   0.0000     NO
5                            104087   0.0562   0.0532    YES
6                            105219   0.0909   0.0000     NO
7                            105984   0.0526   0.0274     NO
8                            106654   0.0185   0.0185     NO
9                              1076   0.0000   0.0000     NO
10                           108981   0.0172   0.0000     NO
11                          1124835   0.2500   0.0588    YES
12                           114707   0.0079   0.0111     NO
13                           119219   0.0263   0.0000     NO
14                          1206777   0.0426   0.0364     NO
15                           121627   0.0000   0.0000     NO
16                           122355   0.0424   0.0299     NO
17                          1241978   0.2500   0.0000     NO
18                          1241981   0.0000   0.0000     NO
19                          1241982   0.0000   0.0000     NO
20                             1245   0.0000   0.0800     NO
21                             1260   0.0000   0.0000     NO
22                             1280   0.0000   0.0000     NO
23                             1282   0.0000   0.0000     NO
24                             1283   0.0000   0.0000     NO
25                           128780   0.0000   0.0000     NO
26                             1290   0.0000   0.3333     NO
27                             1292   0.5000   0.0000     NO
28                           129817   0.0523   0.0480     NO
29                             1302   0.0885   0.0913    YES
30                             1303   0.0791   0.0729    YES
31                             1305   0.1135   0.1400    YES
32                             1307   0.0417   0.0000     NO
33                             1308   0.0000   0.0000     NO
34                             1313   0.0319   0.0619     NO
35                             1314   0.0317   0.0000     NO
36                             1318   0.0000   0.0000     NO
37                          1324352   0.0000   0.0000     NO
38                             1328   0.0364   0.0508     NO
39                             1338   0.0752   0.1022    YES
40                             1340   0.0000   0.0000     NO
41                             1351   0.0826   0.0725    YES
42                          1355477   0.0000   0.0526     NO
43                             1358   0.0000   0.0000     NO
44                            13690   0.0233   0.0357     NO
45                           138074   0.1053   0.2500    YES
46                           138563   0.0000   0.0000     NO
47                          1404367   0.0000   0.0000     NO
48                             1488   0.0149   0.1818     NO
49                             1490   0.1111   0.1852    YES
50                             1491   0.0440   0.0374     NO
51                             1492   0.0078   0.0893     NO
52                             1493   0.0000   0.0000     NO
53                          1493872   0.0000   0.0000     NO
54                             1496   0.0000   0.0435     NO
55                             1501   0.0330   0.0667     NO
56                             1502   0.0787   0.0798    YES
57                             1504   0.0000   0.0571     NO
58                             1505   0.1961   0.0769    YES
59                             1513   0.0268   0.0417     NO
60                             1519   0.0643   0.0435     NO
61                             1520   0.1081   0.1263    YES
62                             1534   0.1121   0.0435     NO
63                             1542   0.0420   0.0483     NO
64                           155892   0.1667   0.0000     NO
65                           155900   0.0232   0.0195     NO
66                             1561   0.0667   0.1600    YES
67                          1573704   0.0723   0.0728    YES
68                           157782   0.0517   0.0529    YES
69                          1583098   0.0000   0.3333     NO
70                          1583341   0.0180   0.0242     NO
71                           158822   0.0682   0.0323     NO
72                           158899   0.0556   0.1053    YES
73                             1590   0.0952   0.1449    YES
74                             1599   0.0752   0.0732    YES
75                           162425   0.3000   0.0714    YES
76                             1639   0.0274   0.0357     NO
77                           164546   0.0000   0.0909     NO
78                             1660   0.0652   0.0851    YES
79                           166486   0.0000   0.0000     NO
80                             1667   0.0000   0.0000     NO
81                           169669   0.0430   0.0436     NO
82                           169679   0.0294   0.1034     NO
83                          1697053   0.0737   0.0112     NO
84                             1725   0.0886   0.0755    YES
85                             1747   0.0028   0.0160     NO
86                             1750   0.0435   0.0333     NO
87                           175245   0.0025   0.0018     NO
88                           179636   0.0000   0.0000     NO
89                           180282   0.0000   0.0000     NO
90                             1833   0.0000   0.0000     NO
91                           183795   0.0423   0.0374     NO
92                           187493   0.0000   0.0000     NO
93                          1879050   0.0333   0.0303     NO
94                          1905730   0.0500   0.0435     NO
95                           190721   0.0000   0.0400     NO
96                          1955577   0.0000   0.0083     NO
97                           198431   0.0804   0.0576    YES
98                           198618   0.0347   0.0398     NO
99                           198620   0.0490   0.0494     NO
100                          200450   0.0472   0.0478     NO
101                          200451   0.0455   0.0455     NO
102                         2026199   0.0308   0.0488     NO
103                          204042   0.1000   0.0000     NO
104                          208223   0.0909   0.1250    YES
105                             210   0.0536   0.0499     NO
106                         2100421   0.0305   0.0306     NO
107                             212   0.0111   0.1167     NO
108                          217203   0.0625   0.0000     NO
109                          217204   0.0000   0.1429     NO
110                          219572   0.0381   0.0443     NO
111                          237609   0.0561   0.0591    YES
112                          237610   0.0513   0.0429     NO
113                          238834   0.0000   0.0000     NO
114                          244566   0.0261   0.0300     NO
115                         2502152   0.0000   0.0000     NO
116                          252803   0.0114   0.0104     NO
117                             253   0.0000   0.0000     NO
118                          264483   0.0000   0.0000     NO
119                         2663009   0.0800   0.1364    YES
120                            2743   0.0000   0.0588     NO
121                            2751   0.0549   0.0505    YES
122                            2756   0.1667   0.0000     NO
123                          279058   0.0941   0.0408     NO
124                          279113   0.0217   0.0000     NO
125                           28037   0.1687   0.1333    YES
126                           28038   0.0749   0.0699    YES
127                           28090   0.0190   0.0058     NO
128                           28095   0.0556   0.0455     NO
129                           28129   0.0000   0.0625     NO
130                           28131   0.0455   0.0250     NO
131                           28132   0.0909   0.1009    YES
132                             285   0.0370   0.0275     NO
133                             287   0.0244   0.0233     NO
134                           28901   0.0000   0.0000     NO
135                           29341   0.0345   0.1327     NO
136                           29382   0.0000   0.0000     NO
137                           29388   0.0000   0.0000     NO
138                           29391   0.0000   0.1143     NO
139                             294   0.0406   0.0395     NO
140                           29430   0.0126   0.0152     NO
141                           29442   0.0514   0.0523    YES
142                           29466   0.0680   0.0739    YES
143                           29486   0.0286   0.0000     NO
144                           29581   0.0280   0.0428     NO
145                             296   0.0358   0.0318     NO
146                             300   0.0532   0.0722    YES
147                             301   0.0558   0.0582    YES
148                             303   0.0513   0.0511    YES
149                             305   0.0211   0.0080     NO
150                             306   0.0279   0.0348     NO
151                          312306   0.0670   0.0535    YES
152                             316   0.0481   0.0458     NO
153                             317   0.0454   0.0443     NO
154                          319939   0.0510   0.0796    YES
155                           32002   0.0000   0.0400     NO
156                          321846   0.0293   0.0306     NO
157                           32630   0.0561   0.0389     NO
158                             329   0.0000   0.0000     NO
159                           33033   0.1429   0.2121    YES
160                           33050   0.0000   0.0000     NO
161                           33069   0.0719   0.0798    YES
162                          330922   0.0833   0.0000     NO
163                             339   0.0000   0.0000     NO
164                           34038   0.0349   0.0187     NO
165                           34062   0.0222   0.0000     NO
166                           34073   0.0513   0.0652    YES
167                          342668   0.0413   0.0399     NO
168                             346   0.0000   0.0000     NO
169                             353   0.0394   0.0323     NO
170                             354   0.0000   0.0000     NO
171                             358   0.0392   0.1053     NO
172                          359110   0.0541   0.0518    YES
173                          363952   0.1333   0.1111    YES
174                           36745   0.0698   0.0000     NO
175                           36746   0.0625   0.0000     NO
176                           37682   0.1399   0.1449    YES
177                          380021   0.0393   0.0409     NO
178                             384   0.0000   0.0000     NO
179                          395598   0.0698   0.0706    YES
180                           40214   0.0201   0.0254     NO
181                           40215   0.0209   0.0133     NO
182                           40216   0.0526   0.0526    YES
183                           40324   0.0047   0.0118     NO
184                           40559   0.0000   0.0000     NO
185                          418497   0.0029   0.0046     NO
186                          418699   0.0370   0.0556     NO
187                           41977   0.0652   0.1389    YES
188                           43263   0.0686   0.0705    YES
189                          434010   0.0000   0.0000     NO
190                          445709   0.0000   0.0000     NO
191                            4513   0.1354   0.1500    YES
192                            4530   0.0000   0.0000     NO
193                            4550   0.1614   0.1143    YES
194                           45634   0.1429   0.0833    YES
195                            4565   0.1403   0.1378    YES
196                            4568   0.1476   0.1366    YES
197                            4571   0.1327   0.1308    YES
198                            4572   0.1198   0.1354    YES
199                            4577   0.0118   0.0270     NO
200                          459526   0.3333   0.0000     NO
201                           46677   0.0566   0.0530    YES
202                           46679   0.0315   0.0291     NO
203                           46867   0.0299   0.0833     NO
204                             470   0.0306   0.0200     NO
205                          470934   0.1563   0.0377     NO
206                           47877   0.0000   0.0000     NO
207                           47878   0.0419   0.0425     NO
208                           47879   0.0427   0.0498     NO
209                           47880   0.0271   0.0219     NO
210                           47883   0.0320   0.0328     NO
211                           47884   0.0282   0.0265     NO
212                           47885   0.0785   0.0638    YES
213                           47917   0.0000   0.0169     NO
214                           48296   0.0297   0.0108     NO
215                             487   0.0315   0.0270     NO
216                             488   0.0938   0.0805    YES
217                            4932   0.0000   0.0000     NO
218                            5061   0.0000   0.0000     NO
219                             511   0.0000   0.0263     NO
220                          515393   0.0409   0.0405     NO
221                            5278   0.0067   0.0088     NO
222                            5286   0.0146   0.0100     NO
223                             529   0.0000   0.0000     NO
224                            5334   0.0000   0.0000     NO
225                           53408   0.0317   0.0417     NO
226                           53409   0.0363   0.0520     NO
227                             539   0.0652   0.0545    YES
228                             546   0.0000   0.0196     NO
229                             548   0.0377   0.0000     NO
230                             549   0.0571   0.0000     NO
231                             550   0.0380   0.0154     NO
232                             553   0.0000   0.0000     NO
233                          553814   0.0345   0.1875     NO
234                             562   0.0102   0.0110     NO
235                             571   0.0227   0.0612     NO
236                             573   0.0404   0.0197     NO
237                             577   0.0476   0.0417     NO
238                             584   0.0000   0.0000     NO
239                          587753   0.0496   0.0484     NO
240                           59620   0.0319   0.0591     NO
241                             614   0.0000   0.0222     NO
242                             615   0.0227   0.0372     NO
243                           61646   0.0000   0.0000     NO
244                            6239   0.0000   0.0000     NO
245                             630   0.2000   0.0000     NO
246                             644   0.0345   0.0204     NO
247                             645   0.0435   0.0000     NO
248                             654   0.0392   0.0175     NO
249                          655981   0.0385   0.0344     NO
252                           65741   0.0774   0.0370     NO
253                          662878   0.0048   0.0038     NO
254                             666   0.0167   0.0141     NO
255                          702115   0.0611   0.0619    YES
256                           70775   0.0271   0.0382     NO
257                          712710   0.0000   0.0000     NO
258                             714   0.0000   0.0476     NO
259                           72000   0.0000   0.0000     NO
260                           72004   0.1552   0.1697    YES
261                           72542   0.0629   0.0833    YES
262                           72558   0.0000   0.0000     NO
263                             726   0.2000   0.1228    YES
264                             727   0.0892   0.0694    YES
265                             729   0.0752   0.0472     NO
266                             732   0.1184   0.0933    YES
267                           74829   0.0320   0.0335     NO
268                           75588   0.0504   0.0463     NO
269                           75612   0.0385   0.0451     NO
270                          756892   0.0111   0.0263     NO
271                           76758   0.0360   0.0360     NO
272                           76759   0.0518   0.0510    YES
273                           76760   0.0400   0.0390     NO
274                           76761   0.0371   0.0368     NO
275                           76773   0.0476   0.0000     NO
276                           76775   0.0000   0.0000     NO
277                           77133   0.0204   0.0203     NO
278                           78327   0.0447   0.0488     NO
279                           78543   0.0569   0.0565    YES
280                           79858   0.0300   0.0266     NO
281                           79880   0.1429   0.0000     NO
282                           80842   0.0000   0.0000     NO
283                           82541   0.1429   0.0000     NO
284                           82996   0.1034   0.1026    YES
285                           83655   0.0682   0.0217     NO
286                             837   0.0526   0.0909    YES
287                           84751   0.0000   0.0000     NO
288                             851   0.0000   0.0000     NO
289                           85698   0.0638   0.0128     NO
290                             861   0.0000   0.0000     NO
291                           86265   0.0294   0.0281     NO
292                           87883   0.0357   0.0000     NO
293                           88688   0.0000   0.0000     NO
294                           89462   0.1765   0.1190    YES
295                               9   0.1391   0.1145    YES
296                          930166   0.0385   0.0396     NO
297                           93220   0.0000   0.2727     NO
298                          946333   0.0000   0.0000     NO
299                            9483   0.0000   0.2000     NO
300                            9544   0.1111   0.1263    YES
301                           95486   0.0108   0.0526     NO
302                            9593   0.0541   0.0513    YES
303                            9597   0.0490   0.0676     NO
304                            9598   0.1000   0.1229    YES
305                            9601   0.0730   0.0606    YES
306                            9606   0.0838   0.0667    YES
307                             964   0.0000   0.1613     NO
308                           97478   0.1667   0.1667    YES
309                            9823   0.1429   0.2727    YES
310                             986   0.0000   0.0000     NO
311                            9860   0.1374   0.1247    YES
312                            9863   0.1453   0.1138    YES
313                            9887   0.1379   0.1081    YES
314                            9913   0.1319   0.1509    YES
315                            9925   0.1726   0.1566    YES
316                            9940   0.1912   0.1563    YES
317                           99802   0.2381   0.2308    YES
